-5.000000000000000000e-01
-4.795918367346938549e-01
-4.591836734693877653e-01
-4.387755102040816202e-01
-4.183673469387755306e-01
-3.979591836734693855e-01
-3.775510204081632404e-01
-3.571428571428571508e-01
-3.367346938775510612e-01
-3.163265306122449161e-01
-2.959183673469387710e-01
-2.755102040816326814e-01
-2.551020408163265363e-01
-2.346938775510204467e-01
-2.142857142857143016e-01
-1.938775510204082120e-01
-1.734693877551020669e-01
-1.530612244897959218e-01
-1.326530612244898322e-01
-1.122448979591836871e-01
-9.183673469387759747e-02
-7.142857142857145236e-02
-5.102040816326536277e-02
-3.061224489795921766e-02
-1.020408163265307255e-02
1.020408163265307255e-02
3.061224489795910664e-02
5.102040816326525174e-02
7.142857142857139685e-02
9.183673469387754196e-02
1.122448979591835760e-01
1.326530612244897211e-01
1.530612244897958663e-01
1.734693877551020114e-01
1.938775510204081565e-01
2.142857142857141906e-01
2.346938775510203357e-01
2.551020408163264808e-01
2.755102040816326259e-01
2.959183673469386600e-01
3.163265306122448051e-01
3.367346938775509502e-01
3.571428571428570953e-01
3.775510204081632404e-01
3.979591836734692745e-01
4.183673469387754196e-01
4.387755102040815647e-01
4.591836734693877098e-01
4.795918367346938549e-01
5.000000000000000000e-01
